20070126 8813
20070127 4114
20070128 4109
20070129 10886
20070130 10498
20070131 11951
20070201 12371
20070202 10045
20070203 4011
20070204 3784
20070205 9709
20070206 11077
20070207 10628
20070208 10800
20070209 8834
20070210 14320
20070211 16005
20070212 15936
20070213 11594
20070214 10663
20070215 10673
20070216 10318
20070217 3702
20070218 3274
20070219 9073
20070220 12791
20070221 11859
20070222 9554
20070223 8554
20070224 3478
20070225 3406
20070226 9988
20070227 10420
20070228 10565
20070301 15046
20070302 15880
20070303 4115
20070304 4075
20070305 14396
20070306 14267
20070307 10277
20070308 8694
20070309 9135
20070310 4142
20070311 3078
20070312 10046
20070313 9934
20070314 9032
20070315 10401
20070316 8717
20070317 3192
20070318 2823
20070319 5856
20070320 11638
20070321 8764
20070322 8956
20070323 9382
20070324 3069
20070325 2714
20070326 10815
20070327 9926
20070328 10314
20070329 9714
20070330 8342
20070331 3419
20070401 3327
20070402 10130
20070403 10384
20070404 9657
20070405 10983
20070406 4843
20070407 3465
20070408 2615
20070409 4321
20070410 9781
20070411 10150
20070412 9951
20070413 8817
20070414 3610
20070415 3345
20070416 10820
20070417 10395
20070418 10600
20070419 9941
20070420 8776
20070421 3434
20070422 3383
20070423 9603
20070424 10003
20070425 9880
20070426 10767
20070427 9214
20070428 3853
