# file_num first_value mean stddev num_values filename
1 90.33 86.082 1.89033753599721 10 "stats-normal/results.mail.log-20070126"
2 61.91 62.453 0.831481208446708 10 "stats-normal/results.mail.log-20070127"
3 46.52 45.244 0.808433052268399 10 "stats-normal/results.mail.log-20070128"
4 81.31 81.444 1.29319913393104 10 "stats-normal/results.mail.log-20070129"
5 80.4 81.585 2.00595239225661 10 "stats-normal/results.mail.log-20070130"
6 92.51 90.381 1.57801425849071 10 "stats-normal/results.mail.log-20070131"
7 99.92 100.751 1.72644982550898 10 "stats-normal/results.mail.log-20070201"
8 81.34 78.828 2.70759598167821 10 "stats-normal/results.mail.log-20070202"
9 57.16 56.934 0.918479177771603 10 "stats-normal/results.mail.log-20070203"
10 61.1 60.52 0.816541487004794 10 "stats-normal/results.mail.log-20070204"
11 72.72 73.767 1.15462591344556 10 "stats-normal/results.mail.log-20070205"
12 77.97 78.541 1.55056409090369 10 "stats-normal/results.mail.log-20070206"
13 78.12 78.371 0.965551137951792 10 "stats-normal/results.mail.log-20070207"
14 74.54 73.849 0.881367687177149 10 "stats-normal/results.mail.log-20070208"
15 63.11 64.15 1.08722582750779 10 "stats-normal/results.mail.log-20070209"
16 81.28 82.045 1.11173962779061 10 "stats-normal/results.mail.log-20070210"
17 94.91 94.577 1.16200731495115 10 "stats-normal/results.mail.log-20070211"
18 91.06 89.942 0.666465302922816 10 "stats-normal/results.mail.log-20070212"
19 74.88 74.001 0.742030322830544 10 "stats-normal/results.mail.log-20070213"
20 78.42 78.15 0.576558756762916 10 "stats-normal/results.mail.log-20070214"
21 73.05 73.417 0.971205951382092 10 "stats-normal/results.mail.log-20070215"
22 357.34 357.275 3.85483657241133 10 "stats-normal/results.mail.log-20070216"
23 45.73 45.824 0.367320023957313 10 "stats-normal/results.mail.log-20070217"
24 43.87 43.548 0.594891586761823 10 "stats-normal/results.mail.log-20070218"
25 65.44 65.985 0.639988281142708 10 "stats-normal/results.mail.log-20070219"
26 85.57 86.649 1.27976911980247 10 "stats-normal/results.mail.log-20070220"
27 89.38 89.982 0.937718507868963 10 "stats-normal/results.mail.log-20070221"
28 107.15 107.519 0.653413345440693 10 "stats-normal/results.mail.log-20070222"
29 93.95 93.634 0.593989898904012 10 "stats-normal/results.mail.log-20070223"
30 70.54 68.289 0.894924019121174 10 "stats-normal/results.mail.log-20070224"
31 53.22 52.349 0.770564079100498 10 "stats-normal/results.mail.log-20070225"
32 77.68 77.405 1.38700576783227 10 "stats-normal/results.mail.log-20070226"
33 89.44 92.561 3.22806892739297 10 "stats-normal/results.mail.log-20070227"
34 82.79 81.444 1.65122499981075 10 "stats-normal/results.mail.log-20070228"
35 111.15 104.988 2.43261505380527 10 "stats-normal/results.mail.log-20070301"
36 92.2 93.143 0.689014513635233 10 "stats-normal/results.mail.log-20070302"
37 44.87 44.361 0.503437185754091 10 "stats-normal/results.mail.log-20070303"
38 46.15 45.671 0.535638870882239 10 "stats-normal/results.mail.log-20070304"
39 79.17 77.862 0.98708459617198 10 "stats-normal/results.mail.log-20070305"
40 69.42 69.922 0.805999999999999 10 "stats-normal/results.mail.log-20070306"
41 72.29 72.215 0.732724368367806 10 "stats-normal/results.mail.log-20070307"
42 65.04 65.065 0.628701041831488 10 "stats-normal/results.mail.log-20070308"
43 67.02 66.697 0.498137531210006 10 "stats-normal/results.mail.log-20070309"
44 46.26 46.532 0.464129292331349 10 "stats-normal/results.mail.log-20070310"
45 44.04 43.486 0.270931725717015 10 "stats-normal/results.mail.log-20070311"
46 64.31 64.014 0.716452371061747 10 "stats-normal/results.mail.log-20070312"
47 62.68 62.375 0.598184754068507 10 "stats-normal/results.mail.log-20070313"
48 60.37 60.214 0.684590388480586 10 "stats-normal/results.mail.log-20070314"
49 63.1 61.689 0.66554413828085 10 "stats-normal/results.mail.log-20070315"
50 66.96 66.549 1.30342203449228 10 "stats-normal/results.mail.log-20070316"
51 44.41 43.219 0.534985046519993 10 "stats-normal/results.mail.log-20070317"
52 35.75 35.008 0.333220647619562 10 "stats-normal/results.mail.log-20070318"
53 57.21 56.951 0.638771477134038 10 "stats-normal/results.mail.log-20070319"
54 79.12 79.958 0.646495166261899 10 "stats-normal/results.mail.log-20070320"
55 67.57 68.428 0.883796356634265 10 "stats-normal/results.mail.log-20070321"
56 67.83 66.679 0.86627305164134 10 "stats-normal/results.mail.log-20070322"
57 76.77 76.95 0.951209756047527 10 "stats-normal/results.mail.log-20070323"
58 47.95 47.815 0.514902903468218 10 "stats-normal/results.mail.log-20070324"
59 37.7 36.448 0.527518720046977 10 "stats-normal/results.mail.log-20070325"
60 82.97 82.828 1.09642874825499 10 "stats-normal/results.mail.log-20070326"
61 120.69 118.703 1.37896374136523 10 "stats-normal/results.mail.log-20070327"
62 541 529.542 7.8149200891628 10 "stats-normal/results.mail.log-20070328"
63 1078.26 1077.467 9.6197193826015 10 "stats-normal/results.mail.log-20070329"
64 1123.61 1131.074 9.631964700932 10 "stats-normal/results.mail.log-20070330"
65 1223.94 1218.265 19.0119032450725 10 "stats-normal/results.mail.log-20070331"
66 1160.81 1154.087 12.7719082755867 10 "stats-normal/results.mail.log-20070401"
67 1115.86 1111.66 9.41682642932317 10 "stats-normal/results.mail.log-20070402"
68 726.49 721.649 5.36476924014445 10 "stats-normal/results.mail.log-20070403"
69 81.47 80.402 0.857342405343394 10 "stats-normal/results.mail.log-20070404"
70 87.22 87.619 0.824517434624642 10 "stats-normal/results.mail.log-20070405"
71 82.75 78.822 1.77327268066702 10 "stats-normal/results.mail.log-20070406"
72 44.77 44.155 0.366394596030018 10 "stats-normal/results.mail.log-20070407"
73 41.74 41.225 0.429237696387446 10 "stats-normal/results.mail.log-20070408"
74 80.61 80.302 1.0987520193383 10 "stats-normal/results.mail.log-20070409"
75 66.89 66.588 0.336178524001756 10 "stats-normal/results.mail.log-20070410"
76 69.67 67.792 0.870652628779124 10 "stats-normal/results.mail.log-20070411"
77 75.05 74.383 1.22061500891968 10 "stats-normal/results.mail.log-20070412"
78 59.19 59.037 0.910253261460786 10 "stats-normal/results.mail.log-20070413"
79 38.53 38.369 0.230714108801347 10 "stats-normal/results.mail.log-20070414"
80 49.53 49.672 0.513201714728234 10 "stats-normal/results.mail.log-20070415"
81 79.51 79.749 1.17677907867195 10 "stats-normal/results.mail.log-20070416"
82 84.85 84.003 0.832490840790453 10 "stats-normal/results.mail.log-20070417"
83 86.03 87.63 2.49519538313135 10 "stats-normal/results.mail.log-20070418"
84 72.87 71.544 0.703892037176158 10 "stats-normal/results.mail.log-20070419"
85 63.19 61.743 0.875500428326565 10 "stats-normal/results.mail.log-20070420"
86 37.05 37.054 0.519561353451159 10 "stats-normal/results.mail.log-20070421"
87 50.87 51.061 0.638896705266196 10 "stats-normal/results.mail.log-20070422"
88 67.64 66.974 0.715181095947034 10 "stats-normal/results.mail.log-20070423"
89 64.37 63.138 0.856023364167123 10 "stats-normal/results.mail.log-20070424"
90 62.57 60.533 0.822861470722746 10 "stats-normal/results.mail.log-20070425"
91 62.32 62.169 0.531929506607782 10 "stats-normal/results.mail.log-20070426"
92 60.75 60.705 0.452774778449507 10 "stats-normal/results.mail.log-20070427"
93 32.39 32.067 0.24871871662583 10 "stats-normal/results.mail.log-20070428"
