# file_num first_value mean stddev num_values filename
1 94.59 92.715 2.83789798970999 10 "stats-shuffle/results.mail.log-20070126"
2 70.65 67.606 2.37116933178548 10 "stats-shuffle/results.mail.log-20070127"
3 47.3 48.152 0.692355400065601 10 "stats-shuffle/results.mail.log-20070128"
4 88.57 89.026 2.64585411540395 10 "stats-shuffle/results.mail.log-20070129"
5 86.96 86.782 2.74645881090542 10 "stats-shuffle/results.mail.log-20070130"
6 100.97 98.312 3.2103233482003 10 "stats-shuffle/results.mail.log-20070131"
7 112.21 109.268 2.94864646914478 10 "stats-shuffle/results.mail.log-20070201"
8 86.45 83.91 2.68890312209273 10 "stats-shuffle/results.mail.log-20070202"
9 61.03 61.135 1.30962780972305 10 "stats-shuffle/results.mail.log-20070203"
10 68.4 66.838 1.55421877481904 10 "stats-shuffle/results.mail.log-20070204"
11 79.72 79.928 2.52874197972035 10 "stats-shuffle/results.mail.log-20070205"
12 82.57 83.778 1.79680160284879 10 "stats-shuffle/results.mail.log-20070206"
13 85.53 83.865 2.1131362947051 10 "stats-shuffle/results.mail.log-20070207"
14 80.56 78.939 1.85894297922233 10 "stats-shuffle/results.mail.log-20070208"
15 70.22 69.516 0.815342872661556 10 "stats-shuffle/results.mail.log-20070209"
16 90.9 89.073 2.24729192585209 10 "stats-shuffle/results.mail.log-20070210"
17 104.91 101.78 2.6232880131621 10 "stats-shuffle/results.mail.log-20070211"
18 98.37 98.219 2.6712673022369 10 "stats-shuffle/results.mail.log-20070212"
19 76.95 80.167 2.47683689410506 10 "stats-shuffle/results.mail.log-20070213"
20 84.17 83.846 2.08842620171267 10 "stats-shuffle/results.mail.log-20070214"
21 78.6 80.365 1.24049385326974 10 "stats-shuffle/results.mail.log-20070215"
22 362.21 366.306 5.04415741229395 10 "stats-shuffle/results.mail.log-20070216"
23 50.53 50.502 0.979446782627826 10 "stats-shuffle/results.mail.log-20070217"
24 50.08 47.491 1.29561915700564 10 "stats-shuffle/results.mail.log-20070218"
25 71.72 71.49 2.21743094593721 10 "stats-shuffle/results.mail.log-20070219"
26 93.64 94.802 2.10418535305234 10 "stats-shuffle/results.mail.log-20070220"
27 97.67 97.223 2.88690509023072 10 "stats-shuffle/results.mail.log-20070221"
28 115.02 116.219 2.68764748432528 10 "stats-shuffle/results.mail.log-20070222"
29 100.55 104.25 2.24003124978202 10 "stats-shuffle/results.mail.log-20070223"
30 78.54 77.416 2.77513675338712 10 "stats-shuffle/results.mail.log-20070224"
31 59.55 63.409 6.10166608394789 10 "stats-shuffle/results.mail.log-20070225"
32 92.23 87.557 3.2073666768862 10 "stats-shuffle/results.mail.log-20070226"
33 101.13 98.717 2.88977871125109 10 "stats-shuffle/results.mail.log-20070227"
34 83.12 82.651 1.2793783646756 10 "stats-shuffle/results.mail.log-20070228"
35 111.81 112.747 3.07341845507572 10 "stats-shuffle/results.mail.log-20070301"
36 103.08 101.448 1.67668005296181 10 "stats-shuffle/results.mail.log-20070302"
37 49.65 48.317 1.57461773138753 10 "stats-shuffle/results.mail.log-20070303"
38 49.6 49.783 1.29970804413915 10 "stats-shuffle/results.mail.log-20070304"
39 86.15 84.53 1.13390475790518 10 "stats-shuffle/results.mail.log-20070305"
40 74.56 75.225 1.86157057346747 10 "stats-shuffle/results.mail.log-20070306"
41 78.48 78.328 0.830226475125915 10 "stats-shuffle/results.mail.log-20070307"
42 71.04 71.214 1.61382279076731 10 "stats-shuffle/results.mail.log-20070308"
43 73.57 72.8 1.83376661546665 10 "stats-shuffle/results.mail.log-20070309"
44 49.3 50.45 1.63047232420547 10 "stats-shuffle/results.mail.log-20070310"
45 46.88 48.221 1.48693274898362 10 "stats-shuffle/results.mail.log-20070311"
46 73.24 70.853 1.50261139354126 10 "stats-shuffle/results.mail.log-20070312"
47 65.9 68.709 2.19314591397837 10 "stats-shuffle/results.mail.log-20070313"
48 65.34 65.218 1.76555826865046 10 "stats-shuffle/results.mail.log-20070314"
49 67.74 66.365 1.04804818591513 10 "stats-shuffle/results.mail.log-20070315"
50 71.77 70.927 1.63564696679937 10 "stats-shuffle/results.mail.log-20070316"
51 45.76 46.75 1.33042098600405 10 "stats-shuffle/results.mail.log-20070317"
52 38.39 38.719 1.24068892152707 10 "stats-shuffle/results.mail.log-20070318"
53 62.56 61.896 1.41818334498752 10 "stats-shuffle/results.mail.log-20070319"
54 86.23 86.127 1.1564259595841 10 "stats-shuffle/results.mail.log-20070320"
55 75.99 74.816 1.78242082573112 10 "stats-shuffle/results.mail.log-20070321"
56 73.16 71.762 1.07493069544041 10 "stats-shuffle/results.mail.log-20070322"
57 82.9 84.271 2.05224486843067 10 "stats-shuffle/results.mail.log-20070323"
58 52.14 52.838 1.96910030216848 10 "stats-shuffle/results.mail.log-20070324"
59 40.18 39.736 1.24100120870207 10 "stats-shuffle/results.mail.log-20070325"
60 97.45 89.44 2.91837626086836 10 "stats-shuffle/results.mail.log-20070326"
61 125.84 127.178 2.55311887698164 10 "stats-shuffle/results.mail.log-20070327"
62 558.59 550.332 11.9194595515065 10 "stats-shuffle/results.mail.log-20070328"
63 1104.16 1121.274 19.9601308612945 10 "stats-shuffle/results.mail.log-20070329"
64 1163.72 1177.525 21.9260850358654 10 "stats-shuffle/results.mail.log-20070330"
65 1243.96 1264.981 23.1557895352329 10 "stats-shuffle/results.mail.log-20070331"
66 1186.74 1191.986 14.2324848146766 10 "stats-shuffle/results.mail.log-20070401"
67 1179.62 1175.833 20.3687560003059 10 "stats-shuffle/results.mail.log-20070402"
68 760.39 759.838 18.0693269382122 10 "stats-shuffle/results.mail.log-20070403"
69 89.99 86.853 2.61065528172526 10 "stats-shuffle/results.mail.log-20070404"
70 96.23 94.672 2.30482016652059 10 "stats-shuffle/results.mail.log-20070405"
71 85.86 87.238 1.80045438709232 10 "stats-shuffle/results.mail.log-20070406"
72 51.72 50.045 1.42494385854321 10 "stats-shuffle/results.mail.log-20070407"
73 44.83 45.398 0.953108598219532 10 "stats-shuffle/results.mail.log-20070408"
74 90.82 89.225 1.99842062639475 10 "stats-shuffle/results.mail.log-20070409"
75 74.69 71.976 1.35495534981784 10 "stats-shuffle/results.mail.log-20070410"
76 77.37 74.215 2.06081658572518 10 "stats-shuffle/results.mail.log-20070411"
77 80.52 79.85 1.44962064002966 10 "stats-shuffle/results.mail.log-20070412"
78 61.79 63.774 1.80021220971307 10 "stats-shuffle/results.mail.log-20070413"
79 43.87 42.102 0.858438116581504 10 "stats-shuffle/results.mail.log-20070414"
80 53.47 54.333 1.49934685780176 10 "stats-shuffle/results.mail.log-20070415"
81 85.04 85.107 1.73521209078314 10 "stats-shuffle/results.mail.log-20070416"
82 92.03 90.638 3.07799220271917 10 "stats-shuffle/results.mail.log-20070417"
83 97.28 94.326 3.70112739580793 10 "stats-shuffle/results.mail.log-20070418"
84 83.04 77.063 2.46506003983676 10 "stats-shuffle/results.mail.log-20070419"
85 68.43 66.665 1.0669512641166 10 "stats-shuffle/results.mail.log-20070420"
86 39.55 39.638 0.485444126548051 10 "stats-shuffle/results.mail.log-20070421"
87 55.36 55.782 1.8452035118111 10 "stats-shuffle/results.mail.log-20070422"
88 73.3 72.851 1.16416880219322 10 "stats-shuffle/results.mail.log-20070423"
89 68.95 67.728 1.84775972463954 10 "stats-shuffle/results.mail.log-20070424"
90 66.29 65.554 1.36419353465701 10 "stats-shuffle/results.mail.log-20070425"
91 69.07 67.657 1.42438091815356 10 "stats-shuffle/results.mail.log-20070426"
92 68.62 65.946 1.79292052249953 10 "stats-shuffle/results.mail.log-20070427"
93 35.57 35.282 0.754331492117358 10 "stats-shuffle/results.mail.log-20070428"
