1 6.29553
2 6.26967
3 4.11374
4 3.01825
5 3.06033
6 6.15373
7 4.67769
8 3.9931
9 5.08347
10 5.36973
11 4.30495
12 5.10584
13 4.64546
14 5.37319
15 3.19557
16 5.20103
17 4.68971
18 5.50982
19 4.71981
20 3.30669
21 4.88345
22 2.02707
23 3.59985
24 7.36877
25 3.52465
26 4.58969
27 4.53937
28 3.63656
29 4.64085
30 4.82683
31 4.02081
32 3.8231
33 4.62603
34 2.37759
35 3.57085
36 2.15797
37 5.80631
38 5.56677
39 3.94546
40 4.20942
41 4.34537
42 2.04619
43 4.23987
44 4.26169
45 3.70722
46 2.97789
47 4.09729
48 4.18086
49 4.37312
50 3.70171
51 2.80282
52 3.70553
53 4.14357
54 4.88153
55 5.11804
56 5.99429
57 5.49023
58 3.44078
59 2.44699
60 5.45979
61 4.60748
62 1.67402
63 1.41276
64 1.1198
65 1.71368
66 1.61454
67 1.44034
68 2.96595
69 4.8516
70 6.3775
71 5.1529
72 5.05388
73 4.22956
74 4.85412
75 6.52192
76 5.43119
77 4.24107
78 2.32387
79 3.28899
80 4.76652
81 5.06775
82 4.14508
83 6.97791
84 5.20817
85 3.60809
86 2.38234
87 3.47772
88 3.73795
89 3.69698
90 3.70191
91 3.04603
92 4.4503
93 4.46251
