1 9.91025
2 9.30743
3 9.16559
4 8.45814
5 8.42757
6 9.14926
7 8.78359
8 8.71066
9 9.83428
10 10.3194
11 8.4708
12 8.50887
13 8.52354
14 8.56108
15 8.84115
16 8.42686
17 8.46817
18 8.13409
19 8.66756
20 8.41385
21 8.86446
22 3.20516
23 9.32098
24 9.16117
25 8.64979
26 8.52378
27 8.23282
28 10.0047
29 10.9784
30 10.6146
31 10.0772
32 9.90206
33 9.08079
34 8.40316
35 8.49404
36 8.02389
37 8.82349
38 9.30675
39 7.5365
40 7.82658
41 8.3407
42 8.47561
43 8.6033
44 9.43854
45 9.55189
46 8.66745
47 8.4259
48 8.16077
49 8.33926
50 8.81844
51 9.41062
52 9.04319
53 9.02045
54 8.47627
55 8.38616
56 8.42065
57 9.869
58 9.61241
59 9.27894
60 7.96246
61 8.38876
62 3.34792
63 2.52688
64 2.40202
65 2.89456
66 2.77577
67 3.17928
68 3.58213
69 9.34248
70 9.26847
71 10.2541
72 7.82222
73 9.58208
74 11.0824
75 8.82063
76 8.35
77 9.83275
78 8.37593
79 8.86537
80 9.53653
81 7.31296
82 7.2992
83 9.80146
84 9.03581
85 7.11751
86 9.20244
87 7.87293
88 2.70657
89 8.01131
90 8.39493
91 7.53284
92 7.94103
93 7.85897
