1 0.687068
2 0.932807
3 0.724567
4 0.445351
5 0.863523
6 0.845472
7 0.593473
8 0.497748
9 0.750023
10 0.851991
11 0.934124
12 0.554782
13 1.22779
14 0.717217
15 0.753368
16 0.622199
17 0.495665
18 1.24627
19 0.805813
20 0.523213
21 0.553334
22 -0.0843539
23 1.34078
24 0.918971
25 0.720402
26 0.48164
27 0.557611
28 0.773669
29 1.26862
30 0.800458
31 0.873312
32 0.686693
33 0.735553
34 0.637682
35 0.56516
36 0.524733
37 0.873026
38 0.763961
39 0.58051
40 0.890663
41 0.656308
42 0.510225
43 0.611916
44 0.661507
45 0.736134
46 -0.297317
47 0.606681
48 0.600321
49 0.195978
50 0.495188
51 0.861064
52 0.87106
53 0.781999
54 0.723227
55 0.736851
56 0.56572
57 0.748301
58 0.912208
59 1.02496
60 0.70161
61 0.618849
62 -0.2075
63 -0.139655
64 -0.0109395
65 0.116997
66 0.156997
67 0.113653
68 0.115823
69 0.641739
70 0.524107
71 0.890803
72 0.695385
73 0.857733
74 0.776593
75 0.541659
76 0.662982
77 0.545817
78 0.74615
79 0.994535
80 1.04043
81 0.711334
82 0.0926327
83 0.666236
84 0.948571
85 0.790523
86 0.736711
87 0.733668
88 0.871798
89 0.638309
90 1.11167
91 0.628153
92 0.485377
93 0.836709
