15.404   28.5896
16.3373   31.0498
13.5127   29.3977
12.6116   25.4392
11.2337   25.0973
14.7468   27.5608
12.9995   25.2929
11.9308   26.3897
16.5958   31.2731
15.9444   31.8555
12.6962   25.6586
14.3185   25.7392
13.2847   25.1101
13.5003   25.7383
10.3568   25.4444
12.4168   24.2837
12.6138   24.6814
12.5744   23.2312
13.1427   25.5534
11.9226   25.3963
13.6328   26.0491
3.94597   7.7429
13.8668   30.6195
17.7958   30.3878
12.3991   26.9246
13.3837   25.4321
13.1548   25.6749
15.5625   29.9623
16.0584   31.344
16.9808   33.2389
14.4591   31.8587
13.4492   27.3671
12.4209   27.1374
11.2049   24.6589
11.3303   24.5675
10.2623   23.4578
17.1613   29.0408
15.0078   29.6744
11.5216   23.0002
11.9205   23.3027
12.5722   24.6697
12.1763   25.3772
12.7506   25.6341
14.7534   29.4807
16.3553   31.1998
12.0516   26.2154
13.2719   25.2351
11.7598   24.8661
13.6326   24.6711
12.6716   26.1537
13.8127   30.7475
16.427   30.2784
13.9459   28.0336
13.6148   25.0294
14.2676   27.2281
13.8436   25.309
15.4948   28.4224
15.2117   31.3871
14.2751   31.2309
14.6775   26.9068
10.7583   22.4547
4.27826   8.53387
3.85373   7.32244
2.9472   7.4048
4.25082   7.99169
2.91201   6.82504
4.59062   8.23328
5.87038   9.77576
14.2731   27.833
15.4348   27.5128
16.2318   32.9476
16.5716   29.4892
15.1561   31.7587
16.5753   33.9173
14.9987   26.2376
14.5181   25.2075
11.6695   27.7592
11.7455   25.6798
14.2106   29.0551
15.4152   30.8859
13.789   25.3537
13.8557   26.5054
15.9072   28.2781
14.3641   26.904
13.8181   25.8051
14.5485   29.8212
14.0947   32.6948
12.9535   24.5876
12.4391   24.2104
13.1793   24.7299
11.3083   23.7779
12.9132   24.4939
13.8168   26.8593
