# line-count file-size
1.23327   0.671056
1.22387   0.621502
1.21422   0.687138
1.26615   0.689785
1.25319   0.716441
1.21728   0.704165
1.24842   0.712026
1.22796   0.717539
1.19129   0.653653
1.20878   0.618818
1.24527   0.726136
1.23903   0.726607
1.25475   0.724923
1.23665   0.716828
1.2401   0.716016
1.25238   0.764495
1.24684   0.758789
1.27083   0.771177
1.23929   0.720566
1.24277   0.725264
1.24176   0.71718
1.33438   0.910093
1.20664   0.674441
1.20342   0.671107
1.23408   0.717286
1.24901   0.72216
1.24811   0.727332
1.19457   0.667539
1.19059   0.676734
1.16974   0.641454
1.19998   0.650657
1.24779   0.718385
1.22435   0.691913
1.25975   0.712837
1.2698   0.724131
1.27449   0.737791
1.21729   0.678563
1.22253   0.674995
1.26902   0.73117
1.27799   0.729302
1.25845   0.718222
1.24989   0.71301
1.24726   0.704031
1.20787   0.662436
1.19365   0.649446
1.23646   0.699858
1.25533   0.716194
1.2568   0.722487
1.24981   0.709462
1.25664   0.679878
1.22205   0.639069
1.22883   0.655489
1.22496   0.673003
1.25776   0.703773
1.23433   0.687884
1.25332   0.704116
1.20555   0.687843
1.19297   0.643193
1.21309   0.652839
1.2224   0.684491
1.25397   0.67382
1.35336   0.85266
1.35697   0.861422
1.35139   0.856514
1.34898   0.855327
1.36298   0.86922
1.34681   0.853557
1.3324   0.834466
1.21551   0.671748
1.20881   0.674064
1.16142   0.62842
1.22953   0.661893
1.19874   0.63951
1.13544   0.630442
1.24119   0.699964
1.24038   0.710249
1.22382   0.693486
1.25097   0.698203
1.23046   0.662552
1.1996   0.644915
1.26255   0.678952
1.24283   0.677044
1.21436   0.671635
1.22064   0.701754
1.2479   0.710727
1.2228   0.678954
1.17415   0.635722
1.25735   0.715591
1.25801   0.716262
1.26187   0.718893
1.26477   0.721823
1.25708   0.716314
1.25398   0.713511
